0
0
0.898649
0.937876
0.945794
0.951827
0.954955
0.953453
0.953453
0.953453
0.953453
0.953453
0.953453
0.953453
0.953453
0.953453
0.953453
0.953453
0.953453
0.953453
0.953453
0.953453
0.953453
0.953453
0.953453
0.953453
0.953453
0.953453
0.953453
0.953453
0.953453
0.953453
0.953453
0.953453
0.953453
0.953453
0.953453
0.953453
0.953453
0.953453
0.953453
SRC 2:
0
0
0.893553
0.936296
0.947291
0.952722
0.953453
0.953453
0.953453
0.953453
0.953453
0.953453
0.953453
0.953453
0.953453
0.953453
0.953453
0.953453
0.953453
0.953453
0.953453
0.953453
0.953453
0.953453
0.953453
0.953453
0.953453
0.953453
0.953453
0.953453
0.953453
0.953453
0.953453
0.953453
0.953453
0.953453
0.953453
0.953453
0.953453
0.953453
0.953453
SRC 3:
0
0
0.894025
0.936893
0.948718
0.951289
0.953453
0.954955
0.954955
0.954955
0.954955
0.954955
0.954955
0.954955
0.954955
0.954955
0.954955
0.954955
0.954955
0.954955
0.954955
0.954955
0.954955
0.954955
0.954955
0.954955
0.954955
0.954955
0.954955
0.954955
0.954955
0.954955
0.954955
0.954955
0.954955
0.954955
0.954955
0.954955
0.954955
0.954955
0.954955
